  0.0   2.0  1.27  0.25261  0.07662  0.80  0.01  0.45  0.09  0.01  0.06  0.00200  5.90
  2.0   5.0  1.27  0.25261  0.07662  0.20  0.04  0.45  0.09  0.01  0.05  0.00200  5.90
  5.0  10.0  1.27  0.25261  0.07662  0.00  0.25  0.45  0.09  0.01  0.03  0.00200  5.90
 10.0  20.0  1.27  0.25261  0.07662  0.00  0.30  0.45  0.09  0.01  0.01  0.00200  5.90
 20.0  30.0  1.27  0.25261  0.07662  0.00  0.10  0.45  0.09  0.01  0.00  0.00200  5.90
 30.0  45.0  1.27  0.25261  0.07662  0.00  0.05  0.45  0.09  0.01  0.00  0.00200  5.90
 45.0  60.0  1.27  0.25261  0.07662  0.00  0.04  0.45  0.09  0.01  0.00  0.00200  5.90
 60.0  75.0  1.27  0.25261  0.07662  0.00  0.03  0.45  0.09  0.01  0.00  0.00200  5.90
 75.0  90.0  1.27  0.25261  0.07662  0.00  0.02  0.45  0.09  0.01  0.00  0.00200  5.90
 90.0 105.0  1.27  0.25261  0.07662  0.00  0.01  0.45  0.09  0.01  0.00  0.00200  5.90
105.0 120.0  1.27  0.25261  0.07662  0.00  0.00  0.45  0.09  0.01  0.00  0.00200  5.90
120.0 150.0  1.27  0.25261  0.07662  0.00  0.00  0.45  0.09  0.01  0.00  0.00200  5.90
150.0 180.0  1.27  0.25261  0.07662  0.00  0.00  0.45  0.09  0.01  0.00  0.00200  5.90
180.0 210.0  1.27  0.25261  0.07662  0.00  0.00  0.45  0.09  0.01  0.00  0.00200  5.90
